{
"highlevel": {
    "danceability": {
        "all": {
            "danceable": 0.780160069466,
            "not_danceable": 0.219839915633
        },
        "probability": 0.780160069466,
        "value": "danceable"
    },
    "gender": {
        "all": {
            "female": 0.078026227653,
            "male": 0.921973764896
        },
        "probability": 0.921973764896,
        "value": "male"
    },
    "genre_rosamerica": {
        "all": {
            "cla": 0.0139935109764,
            "dan": 0.00725170644,
            "hip": 0.0296099092811,
            "jaz": 0.00554208690301,
            "pop": 0.816255986691,
            "rhy": 0.118475683033,
            "roc": 0.00373038323596,
            "spe": 0.00514073995873
        },
        "probability": 0.816255986691,
        "value": "pop"
    },
    "mood_acoustic": {
        "all": {
            "acoustic": 0.369397491217,
            "not_acoustic": 0.630602538586
        },
        "probability": 0.630602538586,
        "value": "not_acoustic"
    },
    "mood_aggressive": {
        "all": {
            "aggressive": 0.0106559153646,
            "not_aggressive": 0.989344060421
        },
        "probability": 0.989344060421,
        "value": "not_aggressive"
    },
    "mood_electronic": {
        "all": {
            "electronic": 0.766066014767,
            "not_electronic": 0.233933985233
        },
        "probability": 0.766066014767,
        "value": "electronic"
    },
    "mood_happy": {
        "all": {
            "happy": 0.269798010588,
            "not_happy": 0.730202019215
        },
        "probability": 0.730202019215,
        "value": "not_happy"
    },
    "mood_party": {
        "all": {
            "not_party": 0.212120935321,
            "party": 0.787879049778
        },
        "probability": 0.787879049778,
        "value": "party"
    },
    "mood_relaxed": {
        "all": {
            "not_relaxed": 0.356658369303,
            "relaxed": 0.6433416605
        },
        "probability": 0.6433416605,
        "value": "relaxed"
    },
    "mood_sad": {
        "all": {
            "not_sad": 0.835648417473,
            "sad": 0.164351597428
        },
        "probability": 0.835648417473,
        "value": "not_sad"
    },
    "moods_mirex": {
        "all": {
            "Cluster1": 0.0192573256791,
            "Cluster2": 0.117133580148,
            "Cluster3": 0.0291755516082,
            "Cluster4": 0.819492816925,
            "Cluster5": 0.0149407237768
        },
        "probability": 0.819492816925,
        "value": "Cluster4"
    },
    "voice_instrumental": {
        "all": {
            "instrumental": 0.0145352715626,
            "voice": 0.98546475172
        },
        "probability": 0.98546475172,
        "value": "voice"
    }
},
"lowlevel": {
    "average_loudness": 0.896229088306,
    "barkbands_crest": {
        "dmean": 2.9111790657,
        "dmean2": 4.61747217178,
        "dvar": 7.01573419571,
        "dvar2": 15.6089696884,
        "max": 26.0120449066,
        "mean": 10.2848205566,
        "median": 9.12041187286,
        "min": 2.53529286385,
        "stdev": 4.61755180359,
        "var": 21.3217830658
    },
    "barkbands_flatness_db": {
        "dmean": 0.0294879171997,
        "dmean2": 0.0431286580861,
        "dvar": 0.000813227728941,
        "dvar2": 0.00151162233669,
        "max": 0.630092740059,
        "mean": 0.183990821242,
        "median": 0.159826725721,
        "min": 0.0339124426246,
        "stdev": 0.0903379768133,
        "var": 0.00816094968468
    },
    "barkbands_kurtosis": {
        "dmean": 4.64140319824,
        "dmean2": 7.28885984421,
        "dvar": 139.271102905,
        "dvar2": 283.865447998,
        "max": 428.270141602,
        "mean": 5.83736562729,
        "median": 1.83742928505,
        "min": -1.91969835758,
        "stdev": 16.3924999237,
        "var": 268.714080811
    },
    "barkbands_skewness": {
        "dmean": 0.775860190392,
        "dmean2": 1.16167008877,
        "dvar": 0.737556219101,
        "dvar2": 1.49472057819,
        "max": 15.5755348206,
        "mean": 1.35265147686,
        "median": 1.11236453056,
        "min": -7.92702484131,
        "stdev": 1.58893334866,
        "var": 2.5247092247
    },
    "barkbands_spread": {
        "dmean": 7.94543409348,
        "dmean2": 12.5327367783,
        "dvar": 123.418159485,
        "dvar2": 277.750305176,
        "max": 109.991676331,
        "mean": 20.3937950134,
        "median": 16.184223175,
        "min": 0.295764356852,
        "stdev": 16.8966579437,
        "var": 285.497039795
    },
    "dissonance": {
        "dmean": 0.0353540666401,
        "dmean2": 0.0580913573503,
        "dvar": 0.0011237404542,
        "dvar2": 0.00293420394883,
        "max": 0.500000059605,
        "mean": 0.426869660616,
        "median": 0.440327048302,
        "min": 0.149311169982,
        "stdev": 0.0536820739508,
        "var": 0.00288176513277
    },
    "dynamic_complexity": 4.71825265884,
    "erbbands_crest": {
        "dmean": 3.56040716171,
        "dmean2": 5.85658740997,
        "dvar": 9.68666648865,
        "dvar2": 25.2882518768,
        "max": 30.6070747375,
        "mean": 11.1386098862,
        "median": 10.3016347885,
        "min": 2.77251505852,
        "stdev": 4.571829319,
        "var": 20.9016246796
    },
    "erbbands_flatness_db": {
        "dmean": 0.0288823079318,
        "dmean2": 0.0423855111003,
        "dvar": 0.000715418485925,
        "dvar2": 0.00146892259363,
        "max": 0.482304275036,
        "mean": 0.209097340703,
        "median": 0.191935777664,
        "min": 0.0607940107584,
        "stdev": 0.0786612331867,
        "var": 0.00618758937344
    },
    "erbbands_kurtosis": {
        "dmean": 2.36067175865,
        "dmean2": 3.84425163269,
        "dvar": 10.6149625778,
        "dvar2": 26.3813915253,
        "max": 74.8717803955,
        "mean": 2.66759800911,
        "median": 1.39685416222,
        "min": -1.86564469337,
        "stdev": 4.53343105316,
        "var": 20.5519962311
    },
    "erbbands_skewness": {
        "dmean": 0.654962182045,
        "dmean2": 1.00581264496,
        "dvar": 0.395051747561,
        "dvar2": 0.880028188229,
        "max": 6.56588697433,
        "mean": 0.71479934454,
        "median": 0.702049255371,
        "min": -6.00691127777,
        "stdev": 1.08755218983,
        "var": 1.18276977539
    },
    "erbbands_spread": {
        "dmean": 11.4005146027,
        "dmean2": 18.0418128967,
        "dvar": 194.959243774,
        "dvar2": 457.436462402,
        "max": 128.994155884,
        "mean": 30.5877418518,
        "median": 26.7499237061,
        "min": 1.1825864315,
        "stdev": 21.0100688934,
        "var": 441.423034668
    },
    "hfc": {
        "dmean": 11.0573616028,
        "dmean2": 15.9848632812,
        "dvar": 346.79788208,
        "dvar2": 654.944763184,
        "max": 249.322158813,
        "mean": 25.510093689,
        "median": 14.8165836334,
        "min": 1.11921613224e-16,
        "stdev": 31.2903022766,
        "var": 979.083007812
    },
    "loudness_ebu128": {
        "integrated": -6.6489238739,
        "loudness_range": 7.16411685944,
        "momentary": {
            "dmean": 0.918122947216,
            "dmean2": 1.16165912151,
            "dvar": 44.5744743347,
            "dvar2": 78.7782058716,
            "max": -3.21084928513,
            "mean": -9.47247409821,
            "median": -6.61384010315,
            "min": -300.691009521,
            "stdev": 11.825551033,
            "var": 139.843658447
        },
        "short_term": {
            "dmean": 0.10579392314,
            "dmean2": 0.118583023548,
            "dvar": 0.0116750681773,
            "dvar2": 0.0130853904411,
            "max": -4.9420838356,
            "mean": -8.48870658875,
            "median": -6.41746330261,
            "min": -37.6731872559,
            "stdev": 5.5528254509,
            "var": 30.8338699341
        }
    },
    "melbands_crest": {
        "dmean": 3.62357211113,
        "dmean2": 5.72518634796,
        "dvar": 10.5561122894,
        "dvar2": 24.2515640259,
        "max": 37.6685791016,
        "mean": 14.0933237076,
        "median": 12.628276825,
        "min": 1.6739178896,
        "stdev": 6.14028596878,
        "var": 37.7031135559
    },
    "melbands_flatness_db": {
        "dmean": 0.0352563746274,
        "dmean2": 0.0493708960712,
        "dvar": 0.00127975933719,
        "dvar2": 0.00217253365554,
        "max": 0.758764386177,
        "mean": 0.228299289942,
        "median": 0.205620259047,
        "min": 0.00322633469477,
        "stdev": 0.10611512512,
        "var": 0.0112604191527
    },
    "melbands_kurtosis": {
        "dmean": 9.36708831787,
        "dmean2": 14.9163913727,
        "dvar": 827.446533203,
        "dvar2": 2149.39746094,
        "max": 1273.40881348,
        "mean": 12.7745962143,
        "median": 4.8153629303,
        "min": -1.86390006542,
        "stdev": 33.1427574158,
        "var": 1098.44226074
    },
    "melbands_skewness": {
        "dmean": 0.907356142998,
        "dmean2": 1.38130819798,
        "dvar": 1.13541173935,
        "dvar2": 2.52480149269,
        "max": 28.0056037903,
        "mean": 2.08024859428,
        "median": 1.68648529053,
        "min": -3.67216730118,
        "stdev": 1.88439464569,
        "var": 3.55094337463
    },
    "melbands_spread": {
        "dmean": 11.3549566269,
        "dmean2": 17.1578330994,
        "dvar": 426.701538086,
        "dvar2": 864.14074707,
        "max": 267.090270996,
        "mean": 27.1073379517,
        "median": 18.2709503174,
        "min": 0.191225111485,
        "stdev": 31.6007480621,
        "var": 998.607299805
    },
    "pitch_salience": {
        "dmean": 0.0777748003602,
        "dmean2": 0.124237164855,
        "dvar": 0.00479878950864,
        "dvar2": 0.0109223537147,
        "max": 0.900326132774,
        "mean": 0.547641694546,
        "median": 0.554699122906,
        "min": 0.0572995096445,
        "stdev": 0.125278681517,
        "var": 0.0156947467476
    },
    "silence_rate_20dB": {
        "dmean": 0,
        "dmean2": 0,
        "dvar": 0,
        "dvar2": 0,
        "max": 1,
        "mean": 1,
        "median": 1,
        "min": 1,
        "stdev": 0,
        "var": 0
    },
    "silence_rate_30dB": {
        "dmean": 0.00812366046011,
        "dmean2": 0.0162491537631,
        "dvar": 0.00805765110999,
        "dvar2": 0.019143730402,
        "max": 1,
        "mean": 0.992779791355,
        "median": 1,
        "min": 0,
        "stdev": 0.0846683681011,
        "var": 0.00716873304918
    },
    "silence_rate_60dB": {
        "dmean": 0.0284328106791,
        "dmean2": 0.0568720363081,
        "dvar": 0.0276245940477,
        "dvar2": 0.0633424445987,
        "max": 1,
        "mean": 0.160424187779,
        "median": 0,
        "min": 0,
        "stdev": 0.366998672485,
        "var": 0.134688034654
    },
    "spectral_centroid": {
        "dmean": 367.611297607,
        "dmean2": 535.99822998,
        "dvar": 259087.890625,
        "dvar2": 461056.6875,
        "max": 11504.1621094,
        "mean": 1375.53796387,
        "median": 1087.19824219,
        "min": 120.682220459,
        "stdev": 1089.08508301,
        "var": 1186106.375
    },
    "spectral_complexity": {
        "dmean": 3.14092302322,
        "dmean2": 4.60753774643,
        "dvar": 15.4065599442,
        "dvar2": 30.5340671539,
        "max": 57,
        "mean": 13.2014894485,
        "median": 12,
        "min": 0,
        "stdev": 8.41125583649,
        "var": 70.7492294312
    },
    "spectral_decrease": {
        "dmean": 1.81269121935e-09,
        "dmean2": 2.62111532479e-09,
        "dvar": 8.22660649532e-18,
        "dvar2": 1.50466039395e-17,
        "max": 2.43487370023e-12,
        "mean": -5.45923972695e-09,
        "median": -3.39994654652e-09,
        "min": -4.11596516869e-08,
        "stdev": 5.65630875471e-09,
        "var": 3.19938273899e-17
    },
    "spectral_energy": {
        "dmean": 0.00734963780269,
        "dmean2": 0.010670975782,
        "dvar": 0.000124303740449,
        "dvar2": 0.000227633601753,
        "max": 0.157493799925,
        "mean": 0.0229182783514,
        "median": 0.0163214504719,
        "min": 1.00184278773e-20,
        "stdev": 0.0223099533468,
        "var": 0.000497734057717
    },
    "spectral_energyband_high": {
        "dmean": 0.000968247710261,
        "dmean2": 0.00142797396984,
        "dvar": 4.82956238557e-06,
        "dvar2": 8.73446424521e-06,
        "max": 0.0314937010407,
        "mean": 0.00155229738448,
        "median": 0.00041161919944,
        "min": 7.0985659411e-21,
        "stdev": 0.00332650588825,
        "var": 1.10656419565e-05
    },
    "spectral_energyband_low": {
        "dmean": 0.00268305069767,
        "dmean2": 0.00401314161718,
        "dvar": 8.51177901495e-05,
        "dvar2": 0.000163511213032,
        "max": 0.136981278658,
        "mean": 0.00630014296621,
        "median": 0.000880725798197,
        "min": 1.85456292103e-23,
        "stdev": 0.0165382754058,
        "var": 0.000273514568107
    },
    "spectral_energyband_middle_high": {
        "dmean": 0.0027168081142,
        "dmean2": 0.00392257235944,
        "dvar": 2.17043143493e-05,
        "dvar2": 4.25166545028e-05,
        "max": 0.109879098833,
        "mean": 0.00575210480019,
        "median": 0.00281488499604,
        "min": 1.18947037277e-21,
        "stdev": 0.0079977363348,
        "var": 6.39637873974e-05
    },
    "spectral_energyband_middle_low": {
        "dmean": 0.00488348444924,
        "dmean2": 0.00736852642149,
        "dvar": 6.3245803176e-05,
        "dvar2": 0.000147486163769,
        "max": 0.0911795347929,
        "mean": 0.0101356450468,
        "median": 0.00539981992915,
        "min": 1.93057525438e-22,
        "stdev": 0.0114556914195,
        "var": 0.000131232867716
    },
    "spectral_entropy": {
        "dmean": 0.287967532873,
        "dmean2": 0.421561956406,
        "dvar": 0.0887028649449,
        "dvar2": 0.168631315231,
        "max": 9.82300949097,
        "mean": 7.34543991089,
        "median": 7.41637182236,
        "min": 4.62144947052,
        "stdev": 0.715750098228,
        "var": 0.512298166752
    },
    "spectral_flux": {
        "dmean": 0.0274054352194,
        "dmean2": 0.0429612994194,
        "dvar": 0.00109076651279,
        "dvar2": 0.00225288211368,
        "max": 0.42164093256,
        "mean": 0.0863162875175,
        "median": 0.0785773396492,
        "min": 6.5380520442e-11,
        "stdev": 0.0584035478532,
        "var": 0.00341097428463
    },
    "spectral_kurtosis": {
        "dmean": 3.95005655289,
        "dmean2": 6.32676410675,
        "dvar": 74.3316726685,
        "dvar2": 178.880569458,
        "max": 151.027557373,
        "mean": 7.20988082886,
        "median": 3.54660701752,
        "min": -1.37700974941,
        "stdev": 13.8384561539,
        "var": 191.502868652
    },
    "spectral_rms": {
        "dmean": 0.000727693899535,
        "dmean2": 0.00103644828778,
        "dvar": 8.16076010324e-07,
        "dvar2": 1.37366464514e-06,
        "max": 0.0123956641182,
        "mean": 0.00412614503875,
        "median": 0.00399040896446,
        "min": 3.12635182499e-12,
        "stdev": 0.00230960454792,
        "var": 5.33427282789e-06
    },
    "spectral_rolloff": {
        "dmean": 879.562011719,
        "dmean2": 1491.07836914,
        "dvar": 3336218.75,
        "dvar2": 7103465,
        "max": 19552.1484375,
        "mean": 2125.74462891,
        "median": 1184.32617188,
        "min": 43.06640625,
        "stdev": 2707.77856445,
        "var": 7332065
    },
    "spectral_skewness": {
        "dmean": 0.468005478382,
        "dmean2": 0.704123795033,
        "dvar": 0.342995584011,
        "dvar2": 0.73623663187,
        "max": 10.0193185806,
        "mean": 1.83793199062,
        "median": 1.62065625191,
        "min": -0.477622568607,
        "stdev": 1.12037014961,
        "var": 1.2552293539
    },
    "spectral_spread": {
        "dmean": 1210884.125,
        "dmean2": 1853682.625,
        "dvar": 2.57038824243e+12,
        "dvar2": 5.56313608192e+12,
        "max": 45506412,
        "mean": 5471686,
        "median": 4930229,
        "min": 499215.71875,
        "stdev": 3536947.75,
        "var": 1.25099992678e+13
    },
    "spectral_strongpeak": {
        "dmean": 0.625964701176,
        "dmean2": 1.0076584816,
        "dvar": 0.877530932426,
        "dvar2": 2.02470517159,
        "max": 14.4151477814,
        "mean": 1.13704061508,
        "median": 0.722684502602,
        "min": 0,
        "stdev": 1.2780380249,
        "var": 1.63338124752
    },
    "zerocrossingrate": {
        "dmean": 0.0192581582814,
        "dmean2": 0.0216866414994,
        "dvar": 0.000768653408159,
        "dvar2": 0.000814749917481,
        "max": 0.53271484375,
        "mean": 0.0749264955521,
        "median": 0.0556640625,
        "min": 0.0009765625,
        "stdev": 0.0690613389015,
        "var": 0.00476946821436
    },
    "barkbands": {
        "dmean": [0.000162947180797, 0.00208805501461, 0.000885954243131, 0.00108414888382, 0.000765548262279, 0.00155828602146, 0.00104391924106, 0.00173318106681, 0.00107481167652, 0.000939950172324, 0.000688765139785, 0.000821052526589, 0.000616901845206, 0.000401629135013, 0.00033118124702, 0.000309989729431, 0.000351447146386, 0.000167194506503, 0.000155818095664, 0.000170659768628, 0.000180587769137, 0.000191635510419, 0.000160595067427, 0.000255987601122, 0.000202237031772, 8.85810877662e-05, 2.71214616987e-06],
        "dmean2": [0.000247573654633, 0.00310941110365, 0.00156332773622, 0.00187830429059, 0.00122685951646, 0.00230568833649, 0.00169725657906, 0.00263410247862, 0.00167145871092, 0.00147508771624, 0.00108721840661, 0.00137638195883, 0.00100965087768, 0.000647273263894, 0.00050300656585, 0.000469342485303, 0.000527866010088, 0.000257197010797, 0.000236341715208, 0.000260792323388, 0.00027237055474, 0.000288834329695, 0.00024051782384, 0.000378238386475, 0.000309041060973, 0.000143048440805, 4.6884351832e-06],
        "dvar": [3.08249497039e-07, 6.54232790112e-05, 2.37880321947e-05, 1.6248835891e-05, 3.66499511983e-06, 1.24268854051e-05, 7.55610744818e-06, 1.62233518495e-05, 5.73208080823e-06, 7.27830774849e-06, 3.85803878089e-06, 3.20691015077e-06, 3.55055635737e-06, 1.45722469824e-06, 1.38328516641e-06, 9.22007473037e-07, 6.55365340663e-07, 2.16643670115e-07, 1.71920760295e-07, 1.81889475925e-07, 1.95059868702e-07, 3.3653239484e-07, 2.8493678883e-07, 5.36387176453e-07, 2.83426288661e-07, 6.49529852126e-08, 6.0959806647e-11],
        "dvar2": [6.79911352108e-07, 0.000116579773021, 6.61345329718e-05, 4.69459191663e-05, 9.51392939896e-06, 2.32358379435e-05, 1.72693344211e-05, 3.3266194805e-05, 1.23106283354e-05, 1.57999857038e-05, 8.52586799738e-06, 7.79529909778e-06, 8.60666114022e-06, 3.33171760758e-06, 3.00814667753e-06, 2.06676986636e-06, 1.4102095065e-06, 4.58303986761e-07, 3.6063372022e-07, 4.00262820222e-07, 3.88610231994e-07, 6.87270812705e-07, 5.67164192944e-07, 1.017204454e-06, 5.68279460822e-07, 1.51255164837e-07, 1.59376303821e-10],
        "max": [0.0215552225709, 0.129164323211, 0.0791436433792, 0.0673140659928, 0.0390745475888, 0.0475350283086, 0.047205761075, 0.0672376900911, 0.073120765388, 0.101853996515, 0.0585116073489, 0.0414011180401, 0.0547351427376, 0.0228570103645, 0.029533566907, 0.0200028866529, 0.0147927384824, 0.0141416573897, 0.00830677896738, 0.00884178653359, 0.00803037639707, 0.0144426692277, 0.0134963719174, 0.0135258361697, 0.010652908124, 0.00605163909495, 0.000112045891001],
        "mean": [0.000281999498839, 0.00464527914301, 0.00081988866441, 0.00120655971114, 0.00103696540464, 0.00247453828342, 0.0011546057649, 0.00222291122191, 0.00146520277485, 0.0011910732137, 0.00081281515304, 0.00112862919923, 0.000665578467306, 0.000443176890258, 0.000378210475901, 0.000388912652852, 0.000496090506203, 0.000225458730711, 0.000214148050873, 0.000228787743254, 0.000260951084783, 0.000261241744738, 0.000207895791391, 0.000348251312971, 0.00025917091989, 9.76166920736e-05, 2.24193559006e-06],
        "median": [7.68698373577e-06, 0.000138025221531, 6.44490501145e-05, 0.000203027389944, 0.000279243977275, 0.000343150633853, 0.000267296214588, 0.00060006219428, 0.000495521351695, 0.0003584944061, 0.000273950368864, 0.000654961739201, 9.91411943687e-05, 3.49736874341e-05, 1.47182845467e-05, 1.79550461326e-05, 3.10558098136e-05, 2.51571873378e-05, 3.30850089085e-05, 3.02773369185e-05, 4.1655584937e-05, 4.11022083426e-05, 3.09515598929e-05, 4.50342122349e-05, 3.09103124891e-05, 1.08454078145e-05, 7.3431635883e-08],
        "min": [1.73974871278e-24, 2.63045728011e-24, 2.08050487218e-24, 1.89502454349e-24, 1.28267726115e-23, 1.70020666547e-23, 1.10652217555e-23, 1.07966075175e-23, 1.55255998746e-23, 1.41932942695e-23, 9.96891256765e-24, 2.21805472225e-23, 5.26631044769e-23, 3.94825766587e-23, 3.49890797922e-23, 6.75816506414e-23, 6.47332064413e-23, 9.72686448283e-23, 1.44788578152e-22, 1.93438236022e-22, 2.36487423227e-22, 2.82433206702e-22, 3.50920116253e-22, 6.50995685918e-22, 1.01363128276e-21, 1.27996405296e-21, 1.99189090081e-21],
        "stdev": [0.000890767609235, 0.0140781775117, 0.00391166424379, 0.00325869256631, 0.00222288258374, 0.00568950315937, 0.00305928266607, 0.00512124458328, 0.00304520712234, 0.00348625215702, 0.00229794648476, 0.00199615512975, 0.00202958262525, 0.00139242783189, 0.00140670547262, 0.00120865064673, 0.00114685157314, 0.0006487017381, 0.000556101789698, 0.000583278713748, 0.000635368109215, 0.000738982576877, 0.000691842578817, 0.00106240925379, 0.000739547249395, 0.000299502746202, 7.41764279155e-06],
        "var": [7.93466938376e-07, 0.000198195091798, 1.53011187649e-05, 1.06190773295e-05, 4.94120695294e-06, 3.23704480252e-05, 9.35921070777e-06, 2.62271478277e-05, 9.27328710532e-06, 1.21539542306e-05, 5.28055761606e-06, 3.98463544116e-06, 4.11920518673e-06, 1.93885534827e-06, 1.97882013708e-06, 1.4608363017e-06, 1.31526860514e-06, 4.20813961455e-07, 3.09249173824e-07, 3.40214086236e-07, 4.03692638429e-07, 5.46095236587e-07, 4.78646143165e-07, 1.12871350666e-06, 5.46930152723e-07, 8.97018921364e-08, 5.50214214468e-11]
    },
    "erbbands": {
        "dmean": [0.0784412920475, 0.470585405827, 0.987755477428, 2.44390678406, 3.23437309265, 2.27660989761, 4.81859350204, 17.0184192657, 13.0317220688, 29.137714386, 29.8468074799, 23.8784160614, 32.5509719849, 21.8168563843, 28.2610721588, 33.8753814697, 26.4568214417, 23.9889965057, 16.1852989197, 15.7519178391, 15.0535497665, 18.6245269775, 10.3821544647, 6.39195966721, 8.7395734787, 7.81037044525, 6.70809745789, 8.1383934021, 7.2747502327, 4.89562749863, 4.59204816818, 4.9324464798, 4.43480300903, 2.61663889885, 1.29490244389, 0.519947826862, 0.131490558386, 0.0195654798299, 0.000392448069761, 2.25590047194e-05],
        "dmean2": [0.105593599379, 0.685307979584, 1.67413163185, 4.30369091034, 5.40039730072, 3.59216547012, 7.56230163574, 25.011505127, 20.5736675262, 44.6716575623, 46.6088562012, 37.1334915161, 52.7656936646, 32.3003120422, 44.9671401978, 56.5366363525, 42.3093719482, 38.6333961487, 24.4610462189, 23.417011261, 22.4016132355, 27.7875022888, 15.045132637, 9.41356563568, 13.0659503937, 11.771689415, 10.0130825043, 12.2688932419, 10.8979625702, 7.33111524582, 6.93058729172, 7.21049928665, 6.70451688766, 4.01401138306, 2.0143930912, 0.827332496643, 0.213282749057, 0.0330647490919, 0.000654727686197, 3.50505106326e-05],
        "dvar": [0.0637739673257, 4.09495067596, 26.3815689087, 113.21937561, 94.1554260254, 35.6020011902, 125.14540863, 1727.66955566, 1435.6036377, 4787.45800781, 4585.36230469, 3065.3605957, 6409.18652344, 5489.59863281, 6300.37255859, 4625.74707031, 5801.55566406, 4969.50488281, 2801.57226562, 2453.03491211, 1624.20239258, 1810.05737305, 715.831970215, 299.140930176, 582.046691895, 388.196960449, 343.426544189, 407.637451172, 475.308746338, 242.765960693, 269.777557373, 216.664871216, 161.967193604, 51.5436210632, 12.4790048599, 2.33371353149, 0.145032018423, 0.00284115062095, 1.09315794816e-06, 1.89150517471e-09],
        "dvar2": [0.109960190952, 7.58989143372, 71.1839675903, 327.698303223, 266.495025635, 84.6669769287, 292.436859131, 3232.75585938, 3283.30126953, 9795.20605469, 10514.5839844, 6659.55761719, 15634.7949219, 10024.3271484, 14173.9335938, 11218.6035156, 13383.1542969, 12102.9873047, 6276.38818359, 5222.20703125, 3583.52441406, 3822.90771484, 1410.87695312, 627.49407959, 1207.74304199, 856.848876953, 726.105041504, 840.113098145, 971.488952637, 483.914459229, 553.220275879, 401.828186035, 317.819274902, 101.450752258, 26.8141765594, 5.307117939, 0.339639931917, 0.00714481715113, 2.70381383416e-06, 4.30986357713e-09],
        "max": [4.23196220398, 31.6929206848, 77.3945541382, 176.160247803, 127.923591614, 176.772567749, 235.632232666, 606.877563477, 807.534362793, 1089.19384766, 1310.89025879, 2199.63427734, 1674.74743652, 2886.72241211, 2450.25146484, 1927.06481934, 2641.38623047, 1283.45239258, 1386.01208496, 1108.9152832, 1022.32330322, 811.770446777, 884.071655273, 488.125793457, 580.62890625, 440.398468018, 450.946533203, 427.334747314, 559.782958984, 330.99911499, 514.165771484, 253.61541748, 254.551742554, 173.451538086, 66.5182723999, 33.2075462341, 8.75274085999, 0.809629380703, 0.0166189689189, 0.000812726444565],
        "mean": [0.167821004987, 0.8996784091, 1.08706235886, 2.63882923126, 4.17459630966, 3.06209731102, 6.67472028732, 26.2070541382, 16.0439167023, 38.0843162537, 39.9496192932, 32.8048782349, 41.3945884705, 29.9098205566, 36.1413230896, 49.3738937378, 32.5574264526, 26.7554969788, 19.7391872406, 20.6229496002, 21.0123825073, 27.3442668915, 15.4761362076, 9.42321205139, 12.0334701538, 10.732676506, 9.57281303406, 11.444185257, 9.91742038727, 6.54090642929, 5.98717927933, 6.64718961716, 5.9207034111, 3.3700158596, 1.58760905266, 0.591334760189, 0.143707722425, 0.0186687540263, 0.00040174429887, 4.69239748782e-05],
        "median": [0.00351266842335, 0.0233107786626, 0.120325505733, 0.59552359581, 1.18152689934, 0.734053492546, 1.67044067383, 2.74703836441, 4.38220691681, 8.47630882263, 14.8572692871, 11.6760177612, 16.4529647827, 7.05942726135, 10.9118289948, 30.8105392456, 8.70283985138, 3.80588006973, 1.31576967239, 0.973307967186, 1.2836265564, 2.04085564613, 1.67353272438, 1.74575042725, 1.83257329464, 1.54211223125, 1.59229338169, 1.75180363655, 1.62862062454, 1.17032527924, 0.829997122288, 0.911293566227, 0.695152878761, 0.390973627567, 0.177753716707, 0.0631576478481, 0.0166657827795, 0.00161495059729, 5.63974826946e-05, 3.19887512887e-05],
        "min": [5.76711721565e-23, 7.09967544557e-22, 3.44666087581e-21, 7.60388282249e-21, 9.95573824974e-21, 3.718632449e-20, 8.13022899381e-20, 1.71201442133e-19, 1.55917289913e-19, 2.06739757887e-19, 3.01098447559e-19, 4.28915507335e-19, 7.63059639419e-19, 9.72098209777e-19, 6.70460698952e-19, 1.10698407072e-18, 2.32741678964e-18, 1.93726071691e-18, 2.58829321802e-18, 3.42151659174e-18, 4.23200697428e-18, 4.53854397927e-18, 4.25482557866e-18, 7.09686637575e-18, 8.14578764075e-18, 9.06765148212e-18, 9.46243170127e-18, 9.24066706058e-18, 1.0125232501e-17, 1.1859942742e-17, 9.89529117991e-18, 1.12043442039e-17, 1.06422617428e-17, 8.96121567116e-18, 7.7674037957e-18, 4.04737736643e-18, 2.60112857959e-18, 1.01767658531e-18, 2.6164066572e-19, 2.73577676828e-20],
        "stdev": [0.499239087105, 3.03242874146, 4.53396463394, 8.33404064178, 9.23242092133, 7.30243206024, 13.8636226654, 65.9841461182, 42.8105583191, 90.5594024658, 78.0142059326, 69.1471481323, 90.9404602051, 105.088920593, 95.6582794189, 78.6133956909, 87.0585327148, 76.0706253052, 65.1597595215, 65.4701766968, 53.4952545166, 61.4212837219, 40.3001060486, 23.8908863068, 32.4032897949, 27.1763420105, 25.9255867004, 27.9592056274, 27.7883644104, 19.8344249725, 20.868686676, 21.1358203888, 18.0470275879, 9.9691028595, 4.64903020859, 1.83333992958, 0.445836871862, 0.0557728372514, 0.00112814467866, 5.96601785219e-05],
        "var": [0.249239653349, 9.1956243515, 20.5568370819, 69.4562301636, 85.2375946045, 53.3255119324, 192.200027466, 4353.90771484, 1832.74377441, 8201.00488281, 6086.21630859, 4781.328125, 8270.16796875, 11043.6806641, 9150.50585938, 6180.06591797, 7579.18847656, 5786.73974609, 4245.79394531, 4286.34423828, 2861.7421875, 3772.57397461, 1624.09851074, 570.774414062, 1049.97314453, 738.553588867, 672.136047363, 781.717163086, 772.193237305, 393.404449463, 435.502105713, 446.722930908, 325.695220947, 99.3830108643, 21.6134815216, 3.36113548279, 0.19877050817, 0.00311060948297, 1.27271039219e-06, 3.55933704732e-09]
    },
    "gfcc": {
        "mean": [-65.0145339966, 74.8120040894, -123.672592163, 2.54686236382, -84.526802063, 8.93649291992, -34.2680435181, 10.0275230408, -25.5652313232, 3.25446486473, -11.3993759155, -1.78271877766, -15.4424495697],
        "cov": [[25248.3222656, -4146.11328125, 148.084259033, 1043.61828613, -6.29782342911, 2552.90600586, -1008.13201904, 1399.98059082, -1435.56530762, 405.879730225, -914.785583496, 922.950195312, -409.298309326], [-4146.11328125, 4066.12841797, 503.479125977, 432.547027588, 843.175537109, -662.57220459, 539.35369873, -471.840332031, 718.447692871, -100.805557251, 305.879425049, -346.044311523, 276.696533203], [148.084259033, 503.479125977, 2025.04846191, 917.152587891, 630.27911377, 521.45690918, 182.351882935, 162.720275879, 71.9872436523, 97.6504592896, -48.0537757874, 90.1215591431, -4.35767173767], [1043.61828613, 432.547027588, 917.152587891, 1487.74853516, 506.908325195, 240.51612854, 56.3907279968, 82.6831588745, 271.553649902, 10.0335493088, -62.8815422058, 10.1423540115, 175.008895874], [-6.29782342911, 843.175537109, 630.27911377, 506.908325195, 967.803894043, 275.428649902, 177.540679932, 196.588790894, 172.722488403, 108.373313904, -22.861000061, 12.3533725739, 109.867248535], [2552.90600586, -662.57220459, 521.45690918, 240.51612854, 275.428649902, 898.142822266, 157.81918335, 383.498321533, -156.757919312, 126.342674255, -40.7740135193, 163.071807861, -81.731880188], [-1008.13201904, 539.35369873, 182.351882935, 56.3907279968, 177.540679932, 157.81918335, 551.693847656, 80.7452163696, 128.160247803, 55.8125419617, 149.21496582, -9.74596595764, 6.5207400322], [1399.98059082, -471.840332031, 162.720275879, 82.6831588745, 196.588790894, 383.498321533, 80.7452163696, 427.460906982, -62.2989883423, 84.8668441772, 1.69222986698, 120.087509155, -33.3550720215], [-1435.56530762, 718.447692871, 71.9872436523, 271.553649902, 172.722488403, -156.757919312, 128.160247803, -62.2989883423, 477.964691162, 54.2982215881, 95.217590332, -90.9861297607, 115.414665222], [405.879730225, -100.805557251, 97.6504592896, 10.0335493088, 108.373313904, 126.342674255, 55.8125419617, 84.8668441772, 54.2982215881, 180.501205444, 22.95403862, 35.2743682861, -3.39892721176], [-914.785583496, 305.879425049, -48.0537757874, -62.8815422058, -22.861000061, -40.7740135193, 149.21496582, 1.69222986698, 95.217590332, 22.95403862, 232.584854126, 0.951909661293, 12.6249742508], [922.950195312, -346.044311523, 90.1215591431, 10.1423540115, 12.3533725739, 163.071807861, -9.74596595764, 120.087509155, -90.9861297607, 35.2743682861, 0.951909661293, 193.608917236, -16.8722896576], [-409.298309326, 276.696533203, -4.35767173767, 175.008895874, 109.867248535, -81.731880188, 6.5207400322, -33.3550720215, 115.414665222, -3.39892721176, 12.6249742508, -16.8722896576, 174.410934448]],
        "icov": [[0.000144942299812, -0.00019655955839, 0.000200985261472, -0.000253490637988, 0.000272829871392, -0.000391026696889, 0.000321232539136, -0.00030146545032, 0.000345383479726, -0.000468364916742, 0.000452269625384, -0.000346103450283, 0.000182687683264], [-0.00019655955839, 0.00115005590487, -0.00045877188677, 0.000489025725983, -0.00128470582422, 0.000964847102296, -0.000959578610491, 0.00119455752429, -0.00095059297746, 0.00140190671664, -0.00132854469121, 0.000928347348236, -0.00041986987344], [0.000200985261472, -0.00045877188677, 0.00121117057279, -0.000862263434101, 0.000205896998523, -0.000905427266844, 0.000440982490545, -0.000244455499342, 0.000665438361466, -0.000948736444116, 0.000767866091337, -0.000814515224192, 0.000884515291546], [-0.000253490637988, 0.000489025725983, -0.000862263434101, 0.00177957932465, -0.000762514362577, 0.000443354889285, -0.000468068930786, 0.000610939925537, -0.00138358911499, 0.00155728764366, -0.000557262916118, 0.00061801681295, -0.00130943988916], [0.000272829871392, -0.00128470582422, 0.000205896998523, -0.000762514362577, 0.00323079270311, -0.00126616330817, 0.000833377998788, -0.00203159218654, 0.000885765242856, -0.00214875116944, 0.00205142237246, -0.000731598527636, -0.000446832738817], [-0.000391026696889, 0.000964847102296, -0.000905427266844, 0.000443354889285, -0.00126616330817, 0.00382830784656, -0.00171831063926, -0.000297957099974, -0.000357852462912, 0.000765482080169, -0.0011589267524, 0.000646551488899, 8.11956342659e-05], [0.000321232539136, -0.000959578610491, 0.000440982490545, -0.000468068930786, 0.000833377998788, -0.00171831063926, 0.00368529418483, -0.00116596173029, 0.000534175778739, -0.00137205224019, -0.000201154369279, -0.000566103728488, 0.000645484076813], [-0.00030146545032, 0.00119455752429, -0.000244455499342, 0.000610939925537, -0.00203159218654, -0.000297957099974, -0.00116596173029, 0.00573845393956, -0.00112500065006, 0.00116774102207, -0.0018371664919, -0.000322099542245, -7.15081987437e-05], [0.000345383479726, -0.00095059297746, 0.000665438361466, -0.00138358911499, 0.000885765242856, -0.000357852462912, 0.000534175778739, -0.00112500065006, 0.00499223498628, -0.0031148060225, 0.000357214448741, 0.000246038893238, -0.00060354109155], [-0.000468364916742, 0.00140190671664, -0.000948736444116, 0.00155728764366, -0.00214875116944, 0.000765482080169, -0.00137205224019, 0.00116774102207, -0.0031148060225, 0.00954400468618, -0.00231053051539, 0.000566637492739, -0.00045337798656], [0.000452269625384, -0.00132854469121, 0.000767866091337, -0.000557262916118, 0.00205142237246, -0.0011589267524, -0.000201154369279, -0.0018371664919, 0.000357214448741, -0.00231053051539, 0.00803937017918, -0.0022927580867, 0.000483079842525], [-0.000346103450283, 0.000928347348236, -0.000814515224192, 0.00061801681295, -0.000731598527636, 0.000646551488899, -0.000566103728488, -0.000322099542245, 0.000246038893238, 0.000566637492739, -0.0022927580867, 0.0083981808275, -0.00137546134647], [0.000182687683264, -0.00041986987344, 0.000884515291546, -0.00130943988916, -0.000446832738817, 8.11956342659e-05, 0.000645484076813, -7.15081987437e-05, -0.00060354109155, -0.00045337798656, 0.000483079842525, -0.00137546134647, 0.0086686834693]]
    },
    "melbands": {
        "dmean": [0.000616174249444, 0.000508930475917, 0.000439191993792, 0.000184932374395, 0.000155198053108, 0.000350013346178, 0.000203543546377, 0.000348660309101, 0.000231554877246, 0.000156597758178, 0.000165494027897, 9.01178354979e-05, 9.02979518287e-05, 9.20752427191e-05, 7.70249826019e-05, 6.02068503213e-05, 4.54995970358e-05, 2.65006729023e-05, 2.57348801824e-05, 2.2616059141e-05, 1.83647516678e-05, 2.09037189052e-05, 1.54922981892e-05, 6.73877229929e-06, 5.3032613323e-06, 6.43842804493e-06, 6.72540500091e-06, 5.17173020853e-06, 4.45675823357e-06, 4.28785915574e-06, 5.1848583098e-06, 4.63285505248e-06, 3.1926056181e-06, 2.78804100162e-06, 2.68458416031e-06, 2.81637994703e-06, 3.25577229887e-06, 3.29860290549e-06, 2.90626257993e-06, 2.12810255107e-06],
        "dmean2": [0.000861586711835, 0.000777896202635, 0.000761093397159, 0.000296212063404, 0.000242869515205, 0.000514833373018, 0.00032150268089, 0.00052737002261, 0.000362881808542, 0.000244625582127, 0.000268365285592, 0.000133360706968, 0.000141766766319, 0.000152917476953, 0.000126151790028, 0.000100139004644, 7.35226349207e-05, 4.14248243032e-05, 3.90480090573e-05, 3.4363791201e-05, 2.78621355392e-05, 3.14705830533e-05, 2.29807337746e-05, 1.01610794445e-05, 7.98142264102e-06, 9.75736293185e-06, 1.01546656879e-05, 7.95031701273e-06, 6.78912010699e-06, 6.49356934446e-06, 8.00842281024e-06, 7.01451199348e-06, 4.76535024063e-06, 4.21219465352e-06, 4.12097369917e-06, 4.12656072513e-06, 4.89358126288e-06, 5.01976410305e-06, 4.52673702966e-06, 3.29070212501e-06],
        "dvar": [4.53146139989e-06, 5.08026596435e-06, 3.05676962853e-06, 2.39197902374e-07, 1.16811392559e-07, 6.7471262355e-07, 2.97542072758e-07, 6.75199260058e-07, 2.60090018855e-07, 1.32973596578e-07, 1.70695571455e-07, 1.06651135923e-07, 7.16714723126e-08, 4.58958098193e-08, 3.17531068106e-08, 3.51307107849e-08, 1.91168343378e-08, 8.04296629298e-09, 9.20722165176e-09, 6.11873662848e-09, 2.55253729264e-09, 2.42679076834e-09, 1.62275692883e-09, 3.79833525743e-10, 2.46638598433e-10, 3.35091288051e-10, 3.68781283289e-10, 1.9659089634e-10, 1.87779319871e-10, 1.29379701397e-10, 1.83224602157e-10, 1.9072220192e-10, 1.10862923008e-10, 8.01158375752e-11, 1.01374880712e-10, 8.45141248651e-11, 9.62017826511e-11, 9.42544792215e-11, 6.77555858641e-11, 3.66555466536e-11],
        "dvar2": [7.450096291e-06, 1.21486864373e-05, 8.80690276972e-06, 6.33827880847e-07, 2.7108831091e-07, 1.25723590827e-06, 6.77623177125e-07, 1.34593494749e-06, 6.07048320944e-07, 2.89025365419e-07, 4.15124389974e-07, 1.95081753418e-07, 1.6224743149e-07, 1.10183769664e-07, 6.79798972669e-08, 9.18245106618e-08, 4.55026665236e-08, 1.89628863723e-08, 1.97590797058e-08, 1.36057023425e-08, 5.78305536791e-09, 5.30702237711e-09, 3.28697269403e-09, 7.81167353026e-10, 5.31243216084e-10, 7.07271630151e-10, 8.04155353418e-10, 4.47241410573e-10, 4.22020224322e-10, 2.70206163e-10, 3.93793414544e-10, 4.05000949444e-10, 2.22235313485e-10, 1.65627775384e-10, 2.1880634804e-10, 1.60695581841e-10, 1.90815377388e-10, 1.89351867519e-10, 1.39995376403e-10, 7.63265076142e-11],
        "max": [0.0364928245544, 0.0338248834014, 0.0279657524079, 0.0105829732493, 0.00695435656235, 0.0117023540661, 0.0113972034305, 0.0137744629756, 0.014223488979, 0.0130639495328, 0.0085260476917, 0.0138511303812, 0.0093912454322, 0.00533046154305, 0.00536499498412, 0.00323508121073, 0.00271177268587, 0.00273716147058, 0.00264309137128, 0.00196339772083, 0.00161934038624, 0.00102019309998, 0.000869700452313, 0.000444358360255, 0.000480331218569, 0.000446988997282, 0.000372274575057, 0.000353234354407, 0.000365021405742, 0.000235554529354, 0.000297514925478, 0.000342241401086, 0.000278833060293, 0.00017275706341, 0.000314439443173, 0.00020275649149, 0.000174670305569, 0.000210327256355, 0.000227609081776, 0.00014494197967],
        "mean": [0.00140131602529, 0.000770426995587, 0.000510949757881, 0.000252139900113, 0.00021328846924, 0.000546416384168, 0.000244391761953, 0.000455142784631, 0.000307633221382, 0.00020737691375, 0.000203903706279, 0.000117292045616, 0.000108725944301, 0.00012534209236, 0.000106217725261, 6.19447382633e-05, 4.8530062486e-05, 3.00576430163e-05, 2.98657960229e-05, 2.78111438092e-05, 2.37727290369e-05, 2.88531336992e-05, 2.18944642256e-05, 9.11141523829e-06, 7.19620948075e-06, 8.47673709359e-06, 8.54589870869e-06, 6.77255138726e-06, 5.90064655626e-06, 5.86282521908e-06, 6.99631300449e-06, 6.06109097134e-06, 4.13212546846e-06, 3.46756701219e-06, 3.34322726303e-06, 3.63008030035e-06, 4.25282860306e-06, 4.29493184129e-06, 3.5960540572e-06, 2.60856177192e-06],
